26.7
27.2
27.3
27.4
26.9
25.7
25.2
25.7
27.7
27.2
27.5
27.2
25.9
27.2
27
27.3
26.8
25.5
24.7
25.4
27
27.4
27.9
27.4
25.8
26.4
26.6
26.9
26.7
25.3
25.4
26.1
27.6
26.9
27.5
27.4
26.9
27.5
27.7
27.4
27.5
26.2
26.7
27.6
29
28.2
28.8
28.6
27.4
27.9
28.1
28.1
28.3
27
26.4
27.7
29.1
28.3
28.6
28.7
28
28.7
29
29
29.1
27.8
27.1
28.5
29.8
29.1
29.4
29.3
29
29.7
29.9
29.7
29.9
28.5
27.9
29
30.2
30.8
30.9
30.8
30.4
31.1
31.4
31.7
31.8
30.5
30
30.9
32.8
32.4
32.3
32.6
31.7
32.5
33
32.7
32.9
31.4
31.1
32.6
34.4
34.1
34.6
35
34.4
35.4
35.8
36.1
36.2
35.3
34.9
35.7
37.7
37.8
37.9
37.6
37.1
37.8
38.1
38.4
38.4
37.3
37.8
37.5
38.9
39.1
39
38.9
39.1
39.5
39.5
39.8
40
39
38.7
40
41.1
41.5
41.6
41.5
41.6
42.1
42
42.2
41.7
40.8
40
40.5
41.1
40.6
40.4
40
38.9
40.4
40.6
40.4
40.4
38.6
38.1
38.8
40.7
40.8
40.7
40.2
39.8
40.7
40.7
40.8
40.9
39.6
38.9
39.8
41.4
41.7
41.8
41.8
41.5
41.9
42.1
42.3
42.2
40.7
39.3
40.4
42
42.4
42.4
42.3
42
42.5
42.6
42.5
42.7
41.7
40.9
41.5
42.2
42.4
42.2
42.1
42.1
42.4
42.5
42
42.1
41
40.2
40.5
41
41.4
41
40.9
40.6
41
40.7
40.9
40.8
40.4
39.3
40.1
40.4
41.2
41.1
41
40.5
41.2
41.4
41.3
41.7
41.1
40.4
40.9
41.9
42
42
41.9
41.6
42.3
42.5
42.4
42.7
42.2
41.5
42
43.1
43.1
43
42.6
42.3
42.9
43
43.2
43.5
43.1
43.1
43.9
44.9
45.1
45.3
45.6
45.3
46.4
46.5
46.4
46.6
46.2
45.7
46.8
48.2
48.6
48.5
48.7
47.5
48.9
48.7
48.4
48.9
48.3
47.6
49.3
50.4
50.8
50.9
50.9
50.2
51.4
51.5
51.4
51.6
51